a=1/(25.3*7.8)*[2.02310000000000;3.04720000000000;3.99080000000000;5.06110000000000;6.06170000000000;7.07230000000000;8.05380000000000;9.06150000000000;10.0124000000000;11.0528000000000;12.0017000000000;13.0614000000000;14.2322000000000];
b=1*10^(-6)*[194,82,-66,111,6,-35;278,107,-93,178,13,-58;353,126,-108,246,20,-86;431,154,-131,326,30,-119;511,196,-181,398,40,-144;590,235,-216,467,49,-163;667,281,-241,537,58,-181;747,318,-272,612,68,-202;820,347,-299,683,77,-227;898,380,-339,761,88,-252;969,408,-367,831,98,-276;1047,439,-389,909,109,-301;1139,477,-426,1002,123,-332];
x1=(b(:,1)+b(:,4))/2;
y1=(b(:,3)+b(:,6))/2;
xy=(b(:,2)+b(:,5))/2;
q1=b(:,2);
q2=b(:,5);



